0.86
0.83
1.0
0.76
0.5
1.0
1.0
1.0
1.0
0.67
0.81
1.0
0.95
0.86
1.0
0.67
0.67
1.0
0.71
1.0
1.0
1.0
0.67
1.0
1.0
0.83
0.67
0.76
1.0
1.0
0.67
0.83
0.75
1.0
0.6
0.5
1.0
1.0
0.86
0.91
0.5
0.33
0.4
0.67
1.0
0.6
1.0
0.67
0.57
0.67
0.5
0.56
0.5
0.6
0.5
0.86
0.67
0.67
0.72
1.0
0.67
0.75
1.0
0.8
0.85
0.9
0.67
0.86
0.92
0.6
1.0
0.81
0.76
0.76
0.91
0.66
1.0
1.0
0.67
0.9
1.0
1.0
0.86
1.0
0.88
0.89
1.0
1.0
0.63
0.67
0.79
1.0
0.99
0.75
0.87
1.0
0.86
1.0
0.84
1.0
0.5
1.0
1.0
1.0
1.0
0.67
0.58
1.0
0.5
0.75
1.0
1.0
0.89
0.7
0.92
1.0
0.76
0.79
0.67
0.87
0.85
1.0
1.0
1.0
1.0
1.0
1.0
0.97
1.0
1.0
1.0
1.0
1.0
1.0
0.8
0.57
1.0
1.0
1.0
0.78
0.8
0.81
1.0
1.0
0.79
0.92
1.0
0.75
0.85
1.0
1.0
0.78
0.4
1.0
0.9
0.83
1.0
1.0
0.8
0.67
0.83
1.0
0.81
1.0
1.0
1.0
0.97
1.0
0.84
1.0
0.75
0.82
0.82
0.94
0.91
0.9
0.84
1.0
0.77
0.9
0.84
0.78
0.96
1.0
0.84
0.89
0.86
0.63
0.91
0.63
0.5
1.0
1.0
1.0
0.92
0.83
1.0
1.0
1.0
0.81
1.0
0.81
1.0
0.83
0.8
1.0
1.0
1.0
0.88
0.5
1.0
1.0
1.0
0.5
1.0
1.0
1.0
0.76
0.91
0.92
0.91
1.0
0.89
0.67
0.91
1.0
0.84
1.0
0.81
1.0
0.8
1.0
0.95
1.0
0.67
0.84
0.72
0.83
1.0
1.0
1.0
0.84
0.95
0.75
1.0
1.0
0.9
1.0
1.0
0.86
1.0
0.81
1.0
0.67
1.0
1.0
1.0
0.75
0.84
0.89
0.67
0.7
0.67
0.71
0.64
0.6
0.67
0.73
0.7
0.61
0.67
0.88
0.77
0.76
0.72
0.67
0.67
0.59
1.0
0.75
0.5
1.0
0.5
1.0
0.93
0.67
1.0
0.64
1.0
1.0
1.0
0.91
0.88
0.75
0.89
0.89
0.81
1.0
1.0
0.79
0.76
0.67
0.91
1.0
0.92
0.81
0.91
1.0
1.0
0.72
0.67
0.67
0.67
0.76
0.76
0.57
0.63
0.97
0.81
1.0
0.67
0.67
0.93
0.99
0.88
0.9
1.0
1.0
0.85
0.6
0.86
0.67
1.0
0.6
0.67
1.0
0.5
0.67
0.91
0.44
0.75
0.88
1.0
0.85
1.0
1.0
0.79
0.81
1.0
1.0
0.85
0.73
0.86
1.0
1.0
0.67
0.67
0.81
0.81
0.8
0.88
0.79
0.92
0.67
0.88
0.67
1.0
1.0
1.0
0.76
0.78
1.0
1.0
1.0
1.0
1.0
0.5
0.79
1.0
0.81
1.0
0.76
0.76
0.84
0.76
1.0
0.83
0.57
0.76
1.0
0.67
0.76
1.0
1.0
0.86
1.0
0.6
0.76
1.0
1.0
1.0
1.0
0.85
0.76
0.81
0.67
1.0
1.0
0.66
0.76
1.0
0.92
1.0
0.6
0.5
0.66
1.0
0.81
1.0
0.81
1.0
0.84
0.88
1.0
1.0
0.88
1.0
1.0
0.72
1.0
1.0
0.66
1.0
1.0
0.91
0.91
0.89
0.8
0.86
0.76
0.72
0.6
0.7
0.76
0.67
0.67
0.6
0.68
0.88
0.67
0.67
0.67
0.67
0.86
1.0
0.76
0.76
0.75
0.81
0.81
0.8
0.85
0.76
1.0
0.76
1.0
0.76
0.76
0.84
0.9
0.81
0.81
0.76
0.67
0.67
1.0
1.0
1.0
1.0
1.0
0.66
1.0
1.0
0.5
1.0
1.0
0.84
1.0
1.0
1.0
1.0
0.17
1.0
1.0
1.0
0.67
1.0
1.0
1.0
1.0
1.0
1.0
1.0
0.67
0.6
1.0
1.0
0.89
1.0
0.5
0.67
0.75
1.0
1.0
1.0
1.0
1.0
1.0
1.0
0.76
0.72
0.66
0.86
0.79
0.81
1.0
1.0
1.0
0.88
1.0
1.0
1.0
1.0
0.9
1.0
0.67
1.0
0.74
1.0
1.0
0.75
0.75
0.5
1.0
0.81
1.0
1.0
0.76
1.0
0.67
0.88
0.76
1.0
1.0
0.67
0.76
0.76
0.76
0.67
0.67
0.6
0.6
0.67
0.76
0.67
0.67
0.9
0.76
0.81
0.81
1.0
0.67
1.0
0.81
1.0
0.76
1.0
1.0
0.81
1.0
0.64
0.92
1.0
1.0
0.4
0.81
1.0
1.0
0.81
0.81
0.96
0.76
1.0
0.67
0.9
1.0
0.67
0.81
0.76
0.81
0.82
0.76
0.92
0.67
0.5
1.0
1.0
0.9
0.76
1.0
1.0
0.72
1.0
0.81
1.0
1.0
1.0
1.0
1.0
0.5
0.6
1.0
0.67
0.63
1.0
0.75
0.84
1.0
1.0
1.0
0.81
0.86
1.0
0.94
1.0
1.0
1.0
0.72
0.72
0.68
0.72
1.0
1.0
0.81
0.91
1.0
1.0
0.76
0.67
0.76
0.67
0.56
1.0
0.88
0.67
0.67
1.0
1.0
1.0
1.0
0.66
1.0
1.0
0.86
1.0
0.67
1.0
0.75
0.67
1.0
1.0
0.67
0.67
0.86
1.0
1.0
0.5
1.0
1.0
1.0
1.0
0.67
0.73
0.86
0.81
1.0
0.89
0.67
0.63
0.67
1.0
0.57
0.67
0.67
0.8
0.76
0.81
0.75
0.67
0.77
0.82
0.79
0.79
0.87
1.0
0.83
0.76
0.83
0.66
1.0
0.67
0.72
